{
 "cells": [
  {
   "cell_type": "markdown",
   "metadata": {},
   "source": [
    "# Julian's Work"
   ]
  },
  {
   "cell_type": "code",
   "execution_count": 1,
   "metadata": {},
   "outputs": [],
   "source": [
    "import numpy as np\n",
    "import pandas as pd\n",
    "import matplotlib.pyplot as mpl\n",
    "import seaborn as sns\n",
    "\n",
    "%matplotlib inline"
   ]
  },
  {
   "cell_type": "code",
   "execution_count": 2,
   "metadata": {},
   "outputs": [],
   "source": [
    "Hdata = pd.read_csv(\"echocardiogram.csv\", usecols=[0,1,2,3,4,5,6,7,8],\n",
    "                   names= (\"MthLive\", \"Alive\",\"Age\",\"Fluid\",\"Contracility\",\n",
    "                           \"EPSS\",\"LVDD\", \"WallMotion\",\"WM_index\"),\n",
    "                   na_values='?')\n",
    "\n",
    "# name, mult, group are deemed irrelevant for this study. alive-at-1 can be ascertained by mthlive\n",
    "#Refer to documentation: echocardiogram.names.txt\n",
    "\n",
    "# these columns omitted from read file with usecols=... 0:8 did not work for some reason...\n",
    "# there was a ? entry that encoded all series as objects (mix), rather than ready for math!\n",
    "# all variables were imported as float64. Should Fluid, Alive be booleon.. what about others integers?"
   ]
  },
  {
   "cell_type": "code",
   "execution_count": 3,
   "metadata": {},
   "outputs": [],
   "source": [
    "Hdata['Alive'] = Hdata['Alive'].astype('bool')\n",
    "Hdata['Fluid'] = Hdata['Fluid'].astype('bool')"
   ]
  },
  {
   "cell_type": "code",
   "execution_count": 4,
   "metadata": {},
   "outputs": [
    {
     "data": {
      "text/plain": [
       "MthLive         22.182923\n",
       "Alive            0.333333\n",
       "Age             62.925425\n",
       "Fluid            0.189394\n",
       "Contracility     0.216734\n",
       "EPSS            12.164769\n",
       "LVDD             4.763157\n",
       "WallMotion      14.438125\n",
       "WM_index         1.382748\n",
       "dtype: float64"
      ]
     },
     "execution_count": 4,
     "metadata": {},
     "output_type": "execute_result"
    }
   ],
   "source": [
    "Hdata.mean()"
   ]
  },
  {
   "cell_type": "code",
   "execution_count": 5,
   "metadata": {},
   "outputs": [
    {
     "data": {
      "text/html": [
       "<div>\n",
       "<style scoped>\n",
       "    .dataframe tbody tr th:only-of-type {\n",
       "        vertical-align: middle;\n",
       "    }\n",
       "\n",
       "    .dataframe tbody tr th {\n",
       "        vertical-align: top;\n",
       "    }\n",
       "\n",
       "    .dataframe thead th {\n",
       "        text-align: right;\n",
       "    }\n",
       "</style>\n",
       "<table border=\"1\" class=\"dataframe\">\n",
       "  <thead>\n",
       "    <tr style=\"text-align: right;\">\n",
       "      <th></th>\n",
       "      <th>MthLive</th>\n",
       "      <th>Alive</th>\n",
       "      <th>Age</th>\n",
       "      <th>Fluid</th>\n",
       "      <th>Contracility</th>\n",
       "      <th>EPSS</th>\n",
       "      <th>LVDD</th>\n",
       "      <th>WallMotion</th>\n",
       "      <th>WM_index</th>\n",
       "    </tr>\n",
       "  </thead>\n",
       "  <tbody>\n",
       "    <tr>\n",
       "      <th>0</th>\n",
       "      <td>11.0</td>\n",
       "      <td>False</td>\n",
       "      <td>71.0</td>\n",
       "      <td>False</td>\n",
       "      <td>0.260</td>\n",
       "      <td>9.000</td>\n",
       "      <td>4.600</td>\n",
       "      <td>14.0</td>\n",
       "      <td>1.00</td>\n",
       "    </tr>\n",
       "    <tr>\n",
       "      <th>1</th>\n",
       "      <td>19.0</td>\n",
       "      <td>False</td>\n",
       "      <td>72.0</td>\n",
       "      <td>False</td>\n",
       "      <td>0.380</td>\n",
       "      <td>6.000</td>\n",
       "      <td>4.100</td>\n",
       "      <td>14.0</td>\n",
       "      <td>1.70</td>\n",
       "    </tr>\n",
       "    <tr>\n",
       "      <th>2</th>\n",
       "      <td>16.0</td>\n",
       "      <td>False</td>\n",
       "      <td>55.0</td>\n",
       "      <td>False</td>\n",
       "      <td>0.260</td>\n",
       "      <td>4.000</td>\n",
       "      <td>3.420</td>\n",
       "      <td>14.0</td>\n",
       "      <td>1.00</td>\n",
       "    </tr>\n",
       "    <tr>\n",
       "      <th>3</th>\n",
       "      <td>57.0</td>\n",
       "      <td>False</td>\n",
       "      <td>60.0</td>\n",
       "      <td>False</td>\n",
       "      <td>0.253</td>\n",
       "      <td>12.062</td>\n",
       "      <td>4.603</td>\n",
       "      <td>16.0</td>\n",
       "      <td>1.45</td>\n",
       "    </tr>\n",
       "    <tr>\n",
       "      <th>4</th>\n",
       "      <td>19.0</td>\n",
       "      <td>True</td>\n",
       "      <td>57.0</td>\n",
       "      <td>False</td>\n",
       "      <td>0.160</td>\n",
       "      <td>22.000</td>\n",
       "      <td>5.750</td>\n",
       "      <td>18.0</td>\n",
       "      <td>2.25</td>\n",
       "    </tr>\n",
       "  </tbody>\n",
       "</table>\n",
       "</div>"
      ],
      "text/plain": [
       "   MthLive  Alive   Age  Fluid  Contracility    EPSS   LVDD  WallMotion  \\\n",
       "0     11.0  False  71.0  False         0.260   9.000  4.600        14.0   \n",
       "1     19.0  False  72.0  False         0.380   6.000  4.100        14.0   \n",
       "2     16.0  False  55.0  False         0.260   4.000  3.420        14.0   \n",
       "3     57.0  False  60.0  False         0.253  12.062  4.603        16.0   \n",
       "4     19.0   True  57.0  False         0.160  22.000  5.750        18.0   \n",
       "\n",
       "   WM_index  \n",
       "0      1.00  \n",
       "1      1.70  \n",
       "2      1.00  \n",
       "3      1.45  \n",
       "4      2.25  "
      ]
     },
     "execution_count": 5,
     "metadata": {},
     "output_type": "execute_result"
    }
   ],
   "source": [
    "Hdata.head()"
   ]
  },
  {
   "cell_type": "code",
   "execution_count": 48,
   "metadata": {},
   "outputs": [
    {
     "data": {
      "text/html": [
       "<div>\n",
       "<style scoped>\n",
       "    .dataframe tbody tr th:only-of-type {\n",
       "        vertical-align: middle;\n",
       "    }\n",
       "\n",
       "    .dataframe tbody tr th {\n",
       "        vertical-align: top;\n",
       "    }\n",
       "\n",
       "    .dataframe thead th {\n",
       "        text-align: right;\n",
       "    }\n",
       "</style>\n",
       "<table border=\"1\" class=\"dataframe\">\n",
       "  <thead>\n",
       "    <tr style=\"text-align: right;\">\n",
       "      <th></th>\n",
       "      <th></th>\n",
       "      <th>Age</th>\n",
       "      <th>Contracility</th>\n",
       "      <th>EPSS</th>\n",
       "      <th>Fluid</th>\n",
       "      <th>LVDD</th>\n",
       "      <th>MthLive</th>\n",
       "      <th>WM_index</th>\n",
       "      <th>WallMotion</th>\n",
       "    </tr>\n",
       "    <tr>\n",
       "      <th>Alive</th>\n",
       "      <th></th>\n",
       "      <th></th>\n",
       "      <th></th>\n",
       "      <th></th>\n",
       "      <th></th>\n",
       "      <th></th>\n",
       "      <th></th>\n",
       "      <th></th>\n",
       "      <th></th>\n",
       "    </tr>\n",
       "  </thead>\n",
       "  <tbody>\n",
       "    <tr>\n",
       "      <th rowspan=\"8\" valign=\"top\">False</th>\n",
       "      <th>Age</th>\n",
       "      <td>1.000000</td>\n",
       "      <td>-0.027856</td>\n",
       "      <td>-0.051866</td>\n",
       "      <td>0.007462</td>\n",
       "      <td>0.183123</td>\n",
       "      <td>-0.001913</td>\n",
       "      <td>0.083385</td>\n",
       "      <td>0.029264</td>\n",
       "    </tr>\n",
       "    <tr>\n",
       "      <th>Contracility</th>\n",
       "      <td>-0.027856</td>\n",
       "      <td>1.000000</td>\n",
       "      <td>-0.325989</td>\n",
       "      <td>-0.034798</td>\n",
       "      <td>-0.292048</td>\n",
       "      <td>0.080683</td>\n",
       "      <td>-0.163725</td>\n",
       "      <td>-0.100848</td>\n",
       "    </tr>\n",
       "    <tr>\n",
       "      <th>EPSS</th>\n",
       "      <td>-0.051866</td>\n",
       "      <td>-0.325989</td>\n",
       "      <td>1.000000</td>\n",
       "      <td>0.013253</td>\n",
       "      <td>0.548062</td>\n",
       "      <td>-0.120858</td>\n",
       "      <td>0.317492</td>\n",
       "      <td>0.275306</td>\n",
       "    </tr>\n",
       "    <tr>\n",
       "      <th>Fluid</th>\n",
       "      <td>0.007462</td>\n",
       "      <td>-0.034798</td>\n",
       "      <td>0.013253</td>\n",
       "      <td>1.000000</td>\n",
       "      <td>0.005042</td>\n",
       "      <td>-0.050840</td>\n",
       "      <td>0.125409</td>\n",
       "      <td>0.093873</td>\n",
       "    </tr>\n",
       "    <tr>\n",
       "      <th>LVDD</th>\n",
       "      <td>0.183123</td>\n",
       "      <td>-0.292048</td>\n",
       "      <td>0.548062</td>\n",
       "      <td>0.005042</td>\n",
       "      <td>1.000000</td>\n",
       "      <td>-0.109126</td>\n",
       "      <td>0.118869</td>\n",
       "      <td>0.037020</td>\n",
       "    </tr>\n",
       "    <tr>\n",
       "      <th>MthLive</th>\n",
       "      <td>-0.001913</td>\n",
       "      <td>0.080683</td>\n",
       "      <td>-0.120858</td>\n",
       "      <td>-0.050840</td>\n",
       "      <td>-0.109126</td>\n",
       "      <td>1.000000</td>\n",
       "      <td>-0.068517</td>\n",
       "      <td>-0.123184</td>\n",
       "    </tr>\n",
       "    <tr>\n",
       "      <th>WM_index</th>\n",
       "      <td>0.083385</td>\n",
       "      <td>-0.163725</td>\n",
       "      <td>0.317492</td>\n",
       "      <td>0.125409</td>\n",
       "      <td>0.118869</td>\n",
       "      <td>-0.068517</td>\n",
       "      <td>1.000000</td>\n",
       "      <td>0.707783</td>\n",
       "    </tr>\n",
       "    <tr>\n",
       "      <th>WallMotion</th>\n",
       "      <td>0.029264</td>\n",
       "      <td>-0.100848</td>\n",
       "      <td>0.275306</td>\n",
       "      <td>0.093873</td>\n",
       "      <td>0.037020</td>\n",
       "      <td>-0.123184</td>\n",
       "      <td>0.707783</td>\n",
       "      <td>1.000000</td>\n",
       "    </tr>\n",
       "    <tr>\n",
       "      <th rowspan=\"8\" valign=\"top\">True</th>\n",
       "      <th>Age</th>\n",
       "      <td>1.000000</td>\n",
       "      <td>0.099351</td>\n",
       "      <td>-0.061565</td>\n",
       "      <td>-0.065018</td>\n",
       "      <td>-0.091085</td>\n",
       "      <td>0.028391</td>\n",
       "      <td>-0.235190</td>\n",
       "      <td>-0.162611</td>\n",
       "    </tr>\n",
       "    <tr>\n",
       "      <th>Contracility</th>\n",
       "      <td>0.099351</td>\n",
       "      <td>1.000000</td>\n",
       "      <td>-0.210446</td>\n",
       "      <td>0.226363</td>\n",
       "      <td>-0.302031</td>\n",
       "      <td>-0.046730</td>\n",
       "      <td>-0.205617</td>\n",
       "      <td>-0.153554</td>\n",
       "    </tr>\n",
       "    <tr>\n",
       "      <th>EPSS</th>\n",
       "      <td>-0.061565</td>\n",
       "      <td>-0.210446</td>\n",
       "      <td>1.000000</td>\n",
       "      <td>0.033347</td>\n",
       "      <td>0.685494</td>\n",
       "      <td>-0.002683</td>\n",
       "      <td>0.324679</td>\n",
       "      <td>0.360148</td>\n",
       "    </tr>\n",
       "    <tr>\n",
       "      <th>Fluid</th>\n",
       "      <td>-0.065018</td>\n",
       "      <td>0.226363</td>\n",
       "      <td>0.033347</td>\n",
       "      <td>1.000000</td>\n",
       "      <td>0.057392</td>\n",
       "      <td>-0.011989</td>\n",
       "      <td>0.040667</td>\n",
       "      <td>0.119247</td>\n",
       "    </tr>\n",
       "    <tr>\n",
       "      <th>LVDD</th>\n",
       "      <td>-0.091085</td>\n",
       "      <td>-0.302031</td>\n",
       "      <td>0.685494</td>\n",
       "      <td>0.057392</td>\n",
       "      <td>1.000000</td>\n",
       "      <td>0.134096</td>\n",
       "      <td>0.282695</td>\n",
       "      <td>0.157954</td>\n",
       "    </tr>\n",
       "    <tr>\n",
       "      <th>MthLive</th>\n",
       "      <td>0.028391</td>\n",
       "      <td>-0.046730</td>\n",
       "      <td>-0.002683</td>\n",
       "      <td>-0.011989</td>\n",
       "      <td>0.134096</td>\n",
       "      <td>1.000000</td>\n",
       "      <td>-0.235580</td>\n",
       "      <td>-0.220395</td>\n",
       "    </tr>\n",
       "    <tr>\n",
       "      <th>WM_index</th>\n",
       "      <td>-0.235190</td>\n",
       "      <td>-0.205617</td>\n",
       "      <td>0.324679</td>\n",
       "      <td>0.040667</td>\n",
       "      <td>0.282695</td>\n",
       "      <td>-0.235580</td>\n",
       "      <td>1.000000</td>\n",
       "      <td>0.536202</td>\n",
       "    </tr>\n",
       "    <tr>\n",
       "      <th>WallMotion</th>\n",
       "      <td>-0.162611</td>\n",
       "      <td>-0.153554</td>\n",
       "      <td>0.360148</td>\n",
       "      <td>0.119247</td>\n",
       "      <td>0.157954</td>\n",
       "      <td>-0.220395</td>\n",
       "      <td>0.536202</td>\n",
       "      <td>1.000000</td>\n",
       "    </tr>\n",
       "  </tbody>\n",
       "</table>\n",
       "</div>"
      ],
      "text/plain": [
       "                         Age  Contracility      EPSS     Fluid      LVDD  \\\n",
       "Alive                                                                      \n",
       "False Age           1.000000     -0.027856 -0.051866  0.007462  0.183123   \n",
       "      Contracility -0.027856      1.000000 -0.325989 -0.034798 -0.292048   \n",
       "      EPSS         -0.051866     -0.325989  1.000000  0.013253  0.548062   \n",
       "      Fluid         0.007462     -0.034798  0.013253  1.000000  0.005042   \n",
       "      LVDD          0.183123     -0.292048  0.548062  0.005042  1.000000   \n",
       "      MthLive      -0.001913      0.080683 -0.120858 -0.050840 -0.109126   \n",
       "      WM_index      0.083385     -0.163725  0.317492  0.125409  0.118869   \n",
       "      WallMotion    0.029264     -0.100848  0.275306  0.093873  0.037020   \n",
       "True  Age           1.000000      0.099351 -0.061565 -0.065018 -0.091085   \n",
       "      Contracility  0.099351      1.000000 -0.210446  0.226363 -0.302031   \n",
       "      EPSS         -0.061565     -0.210446  1.000000  0.033347  0.685494   \n",
       "      Fluid        -0.065018      0.226363  0.033347  1.000000  0.057392   \n",
       "      LVDD         -0.091085     -0.302031  0.685494  0.057392  1.000000   \n",
       "      MthLive       0.028391     -0.046730 -0.002683 -0.011989  0.134096   \n",
       "      WM_index     -0.235190     -0.205617  0.324679  0.040667  0.282695   \n",
       "      WallMotion   -0.162611     -0.153554  0.360148  0.119247  0.157954   \n",
       "\n",
       "                     MthLive  WM_index  WallMotion  \n",
       "Alive                                               \n",
       "False Age          -0.001913  0.083385    0.029264  \n",
       "      Contracility  0.080683 -0.163725   -0.100848  \n",
       "      EPSS         -0.120858  0.317492    0.275306  \n",
       "      Fluid        -0.050840  0.125409    0.093873  \n",
       "      LVDD         -0.109126  0.118869    0.037020  \n",
       "      MthLive       1.000000 -0.068517   -0.123184  \n",
       "      WM_index     -0.068517  1.000000    0.707783  \n",
       "      WallMotion   -0.123184  0.707783    1.000000  \n",
       "True  Age           0.028391 -0.235190   -0.162611  \n",
       "      Contracility -0.046730 -0.205617   -0.153554  \n",
       "      EPSS         -0.002683  0.324679    0.360148  \n",
       "      Fluid        -0.011989  0.040667    0.119247  \n",
       "      LVDD          0.134096  0.282695    0.157954  \n",
       "      MthLive       1.000000 -0.235580   -0.220395  \n",
       "      WM_index     -0.235580  1.000000    0.536202  \n",
       "      WallMotion   -0.220395  0.536202    1.000000  "
      ]
     },
     "execution_count": 48,
     "metadata": {},
     "output_type": "execute_result"
    }
   ],
   "source": [
    "Hdata.groupby('Alive').corr()"
   ]
  },
  {
   "cell_type": "code",
   "execution_count": 7,
   "metadata": {},
   "outputs": [
    {
     "data": {
      "text/html": [
       "<div>\n",
       "<style scoped>\n",
       "    .dataframe tbody tr th:only-of-type {\n",
       "        vertical-align: middle;\n",
       "    }\n",
       "\n",
       "    .dataframe tbody tr th {\n",
       "        vertical-align: top;\n",
       "    }\n",
       "\n",
       "    .dataframe thead th {\n",
       "        text-align: right;\n",
       "    }\n",
       "</style>\n",
       "<table border=\"1\" class=\"dataframe\">\n",
       "  <thead>\n",
       "    <tr style=\"text-align: right;\">\n",
       "      <th></th>\n",
       "      <th>MthLive</th>\n",
       "      <th>Alive</th>\n",
       "      <th>Age</th>\n",
       "      <th>Fluid</th>\n",
       "      <th>Contracility</th>\n",
       "      <th>EPSS</th>\n",
       "      <th>LVDD</th>\n",
       "      <th>WallMotion</th>\n",
       "      <th>WM_index</th>\n",
       "    </tr>\n",
       "  </thead>\n",
       "  <tbody>\n",
       "    <tr>\n",
       "      <th>MthLive</th>\n",
       "      <td>1.000000</td>\n",
       "      <td>-0.711073</td>\n",
       "      <td>-0.207691</td>\n",
       "      <td>-0.153606</td>\n",
       "      <td>0.241328</td>\n",
       "      <td>-0.295099</td>\n",
       "      <td>-0.230969</td>\n",
       "      <td>-0.292460</td>\n",
       "      <td>-0.354789</td>\n",
       "    </tr>\n",
       "    <tr>\n",
       "      <th>Alive</th>\n",
       "      <td>-0.711073</td>\n",
       "      <td>1.000000</td>\n",
       "      <td>0.309236</td>\n",
       "      <td>0.191404</td>\n",
       "      <td>-0.294011</td>\n",
       "      <td>0.330701</td>\n",
       "      <td>0.264787</td>\n",
       "      <td>0.272232</td>\n",
       "      <td>0.395926</td>\n",
       "    </tr>\n",
       "    <tr>\n",
       "      <th>Age</th>\n",
       "      <td>-0.207691</td>\n",
       "      <td>0.309236</td>\n",
       "      <td>1.000000</td>\n",
       "      <td>0.041149</td>\n",
       "      <td>-0.083279</td>\n",
       "      <td>0.045540</td>\n",
       "      <td>0.173159</td>\n",
       "      <td>0.035560</td>\n",
       "      <td>0.069187</td>\n",
       "    </tr>\n",
       "    <tr>\n",
       "      <th>Fluid</th>\n",
       "      <td>-0.153606</td>\n",
       "      <td>0.191404</td>\n",
       "      <td>0.041149</td>\n",
       "      <td>1.000000</td>\n",
       "      <td>-0.009492</td>\n",
       "      <td>0.073149</td>\n",
       "      <td>0.063501</td>\n",
       "      <td>0.143504</td>\n",
       "      <td>0.142396</td>\n",
       "    </tr>\n",
       "    <tr>\n",
       "      <th>Contracility</th>\n",
       "      <td>0.241328</td>\n",
       "      <td>-0.294011</td>\n",
       "      <td>-0.083279</td>\n",
       "      <td>-0.009492</td>\n",
       "      <td>1.000000</td>\n",
       "      <td>-0.357718</td>\n",
       "      <td>-0.349243</td>\n",
       "      <td>-0.171558</td>\n",
       "      <td>-0.248676</td>\n",
       "    </tr>\n",
       "    <tr>\n",
       "      <th>EPSS</th>\n",
       "      <td>-0.295099</td>\n",
       "      <td>0.330701</td>\n",
       "      <td>0.045540</td>\n",
       "      <td>0.073149</td>\n",
       "      <td>-0.357718</td>\n",
       "      <td>1.000000</td>\n",
       "      <td>0.624183</td>\n",
       "      <td>0.371534</td>\n",
       "      <td>0.405519</td>\n",
       "    </tr>\n",
       "    <tr>\n",
       "      <th>LVDD</th>\n",
       "      <td>-0.230969</td>\n",
       "      <td>0.264787</td>\n",
       "      <td>0.173159</td>\n",
       "      <td>0.063501</td>\n",
       "      <td>-0.349243</td>\n",
       "      <td>0.624183</td>\n",
       "      <td>1.000000</td>\n",
       "      <td>0.146372</td>\n",
       "      <td>0.247416</td>\n",
       "    </tr>\n",
       "    <tr>\n",
       "      <th>WallMotion</th>\n",
       "      <td>-0.292460</td>\n",
       "      <td>0.272232</td>\n",
       "      <td>0.035560</td>\n",
       "      <td>0.143504</td>\n",
       "      <td>-0.171558</td>\n",
       "      <td>0.371534</td>\n",
       "      <td>0.146372</td>\n",
       "      <td>1.000000</td>\n",
       "      <td>0.645427</td>\n",
       "    </tr>\n",
       "    <tr>\n",
       "      <th>WM_index</th>\n",
       "      <td>-0.354789</td>\n",
       "      <td>0.395926</td>\n",
       "      <td>0.069187</td>\n",
       "      <td>0.142396</td>\n",
       "      <td>-0.248676</td>\n",
       "      <td>0.405519</td>\n",
       "      <td>0.247416</td>\n",
       "      <td>0.645427</td>\n",
       "      <td>1.000000</td>\n",
       "    </tr>\n",
       "  </tbody>\n",
       "</table>\n",
       "</div>"
      ],
      "text/plain": [
       "               MthLive     Alive       Age     Fluid  Contracility      EPSS  \\\n",
       "MthLive       1.000000 -0.711073 -0.207691 -0.153606      0.241328 -0.295099   \n",
       "Alive        -0.711073  1.000000  0.309236  0.191404     -0.294011  0.330701   \n",
       "Age          -0.207691  0.309236  1.000000  0.041149     -0.083279  0.045540   \n",
       "Fluid        -0.153606  0.191404  0.041149  1.000000     -0.009492  0.073149   \n",
       "Contracility  0.241328 -0.294011 -0.083279 -0.009492      1.000000 -0.357718   \n",
       "EPSS         -0.295099  0.330701  0.045540  0.073149     -0.357718  1.000000   \n",
       "LVDD         -0.230969  0.264787  0.173159  0.063501     -0.349243  0.624183   \n",
       "WallMotion   -0.292460  0.272232  0.035560  0.143504     -0.171558  0.371534   \n",
       "WM_index     -0.354789  0.395926  0.069187  0.142396     -0.248676  0.405519   \n",
       "\n",
       "                  LVDD  WallMotion  WM_index  \n",
       "MthLive      -0.230969   -0.292460 -0.354789  \n",
       "Alive         0.264787    0.272232  0.395926  \n",
       "Age           0.173159    0.035560  0.069187  \n",
       "Fluid         0.063501    0.143504  0.142396  \n",
       "Contracility -0.349243   -0.171558 -0.248676  \n",
       "EPSS          0.624183    0.371534  0.405519  \n",
       "LVDD          1.000000    0.146372  0.247416  \n",
       "WallMotion    0.146372    1.000000  0.645427  \n",
       "WM_index      0.247416    0.645427  1.000000  "
      ]
     },
     "execution_count": 7,
     "metadata": {},
     "output_type": "execute_result"
    }
   ],
   "source": [
    "Hdata.corr()"
   ]
  },
  {
   "cell_type": "code",
   "execution_count": 8,
   "metadata": {},
   "outputs": [
    {
     "ename": "ValueError",
     "evalue": "max must be larger than min in range parameter.",
     "output_type": "error",
     "traceback": [
      "\u001b[1;31m---------------------------------------------------------------------------\u001b[0m",
      "\u001b[1;31mValueError\u001b[0m                                Traceback (most recent call last)",
      "\u001b[1;32m<ipython-input-8-b854706c0d26>\u001b[0m in \u001b[0;36m<module>\u001b[1;34m()\u001b[0m\n\u001b[1;32m----> 1\u001b[1;33m \u001b[0msns\u001b[0m\u001b[1;33m.\u001b[0m\u001b[0mpairplot\u001b[0m\u001b[1;33m(\u001b[0m\u001b[0mdata\u001b[0m\u001b[1;33m=\u001b[0m\u001b[0mHdata\u001b[0m\u001b[1;33m,\u001b[0m \u001b[0mhue\u001b[0m\u001b[1;33m=\u001b[0m\u001b[1;34m'Alive'\u001b[0m\u001b[1;33m)\u001b[0m\u001b[1;33m\u001b[0m\u001b[0m\n\u001b[0m",
      "\u001b[1;32mD:\\Anaconda3\\lib\\site-packages\\seaborn\\axisgrid.py\u001b[0m in \u001b[0;36mpairplot\u001b[1;34m(data, hue, hue_order, palette, vars, x_vars, y_vars, kind, diag_kind, markers, size, aspect, dropna, plot_kws, diag_kws, grid_kws)\u001b[0m\n\u001b[0;32m   2058\u001b[0m     \u001b[1;32mif\u001b[0m \u001b[0mgrid\u001b[0m\u001b[1;33m.\u001b[0m\u001b[0msquare_grid\u001b[0m\u001b[1;33m:\u001b[0m\u001b[1;33m\u001b[0m\u001b[0m\n\u001b[0;32m   2059\u001b[0m         \u001b[1;32mif\u001b[0m \u001b[0mdiag_kind\u001b[0m \u001b[1;33m==\u001b[0m \u001b[1;34m\"hist\"\u001b[0m\u001b[1;33m:\u001b[0m\u001b[1;33m\u001b[0m\u001b[0m\n\u001b[1;32m-> 2060\u001b[1;33m             \u001b[0mgrid\u001b[0m\u001b[1;33m.\u001b[0m\u001b[0mmap_diag\u001b[0m\u001b[1;33m(\u001b[0m\u001b[0mplt\u001b[0m\u001b[1;33m.\u001b[0m\u001b[0mhist\u001b[0m\u001b[1;33m,\u001b[0m \u001b[1;33m**\u001b[0m\u001b[0mdiag_kws\u001b[0m\u001b[1;33m)\u001b[0m\u001b[1;33m\u001b[0m\u001b[0m\n\u001b[0m\u001b[0;32m   2061\u001b[0m         \u001b[1;32melif\u001b[0m \u001b[0mdiag_kind\u001b[0m \u001b[1;33m==\u001b[0m \u001b[1;34m\"kde\"\u001b[0m\u001b[1;33m:\u001b[0m\u001b[1;33m\u001b[0m\u001b[0m\n\u001b[0;32m   2062\u001b[0m             \u001b[0mdiag_kws\u001b[0m\u001b[1;33m[\u001b[0m\u001b[1;34m\"legend\"\u001b[0m\u001b[1;33m]\u001b[0m \u001b[1;33m=\u001b[0m \u001b[1;32mFalse\u001b[0m\u001b[1;33m\u001b[0m\u001b[0m\n",
      "\u001b[1;32mD:\\Anaconda3\\lib\\site-packages\\seaborn\\axisgrid.py\u001b[0m in \u001b[0;36mmap_diag\u001b[1;34m(self, func, **kwargs)\u001b[0m\n\u001b[0;32m   1363\u001b[0m                     \u001b[0mfunc\u001b[0m\u001b[1;33m(\u001b[0m\u001b[0mvals\u001b[0m\u001b[1;33m,\u001b[0m \u001b[0mcolor\u001b[0m\u001b[1;33m=\u001b[0m\u001b[0mcolor\u001b[0m\u001b[1;33m,\u001b[0m \u001b[1;33m**\u001b[0m\u001b[0mkwargs\u001b[0m\u001b[1;33m)\u001b[0m\u001b[1;33m\u001b[0m\u001b[0m\n\u001b[0;32m   1364\u001b[0m                 \u001b[1;32melse\u001b[0m\u001b[1;33m:\u001b[0m\u001b[1;33m\u001b[0m\u001b[0m\n\u001b[1;32m-> 1365\u001b[1;33m                     \u001b[0mfunc\u001b[0m\u001b[1;33m(\u001b[0m\u001b[0mvals\u001b[0m\u001b[1;33m,\u001b[0m \u001b[0mcolor\u001b[0m\u001b[1;33m=\u001b[0m\u001b[0mcolor\u001b[0m\u001b[1;33m,\u001b[0m \u001b[0mhisttype\u001b[0m\u001b[1;33m=\u001b[0m\u001b[1;34m\"barstacked\"\u001b[0m\u001b[1;33m,\u001b[0m \u001b[1;33m**\u001b[0m\u001b[0mkwargs\u001b[0m\u001b[1;33m)\u001b[0m\u001b[1;33m\u001b[0m\u001b[0m\n\u001b[0m\u001b[0;32m   1366\u001b[0m \u001b[1;33m\u001b[0m\u001b[0m\n\u001b[0;32m   1367\u001b[0m             \u001b[1;32melse\u001b[0m\u001b[1;33m:\u001b[0m\u001b[1;33m\u001b[0m\u001b[0m\n",
      "\u001b[1;32mD:\\Anaconda3\\lib\\site-packages\\matplotlib\\pyplot.py\u001b[0m in \u001b[0;36mhist\u001b[1;34m(x, bins, range, density, weights, cumulative, bottom, histtype, align, orientation, rwidth, log, color, label, stacked, normed, hold, data, **kwargs)\u001b[0m\n\u001b[0;32m   3130\u001b[0m                       \u001b[0mhisttype\u001b[0m\u001b[1;33m=\u001b[0m\u001b[0mhisttype\u001b[0m\u001b[1;33m,\u001b[0m \u001b[0malign\u001b[0m\u001b[1;33m=\u001b[0m\u001b[0malign\u001b[0m\u001b[1;33m,\u001b[0m \u001b[0morientation\u001b[0m\u001b[1;33m=\u001b[0m\u001b[0morientation\u001b[0m\u001b[1;33m,\u001b[0m\u001b[1;33m\u001b[0m\u001b[0m\n\u001b[0;32m   3131\u001b[0m                       \u001b[0mrwidth\u001b[0m\u001b[1;33m=\u001b[0m\u001b[0mrwidth\u001b[0m\u001b[1;33m,\u001b[0m \u001b[0mlog\u001b[0m\u001b[1;33m=\u001b[0m\u001b[0mlog\u001b[0m\u001b[1;33m,\u001b[0m \u001b[0mcolor\u001b[0m\u001b[1;33m=\u001b[0m\u001b[0mcolor\u001b[0m\u001b[1;33m,\u001b[0m \u001b[0mlabel\u001b[0m\u001b[1;33m=\u001b[0m\u001b[0mlabel\u001b[0m\u001b[1;33m,\u001b[0m\u001b[1;33m\u001b[0m\u001b[0m\n\u001b[1;32m-> 3132\u001b[1;33m                       stacked=stacked, normed=normed, data=data, **kwargs)\n\u001b[0m\u001b[0;32m   3133\u001b[0m     \u001b[1;32mfinally\u001b[0m\u001b[1;33m:\u001b[0m\u001b[1;33m\u001b[0m\u001b[0m\n\u001b[0;32m   3134\u001b[0m         \u001b[0max\u001b[0m\u001b[1;33m.\u001b[0m\u001b[0m_hold\u001b[0m \u001b[1;33m=\u001b[0m \u001b[0mwashold\u001b[0m\u001b[1;33m\u001b[0m\u001b[0m\n",
      "\u001b[1;32mD:\\Anaconda3\\lib\\site-packages\\matplotlib\\__init__.py\u001b[0m in \u001b[0;36minner\u001b[1;34m(ax, *args, **kwargs)\u001b[0m\n\u001b[0;32m   1853\u001b[0m                         \u001b[1;34m\"the Matplotlib list!)\"\u001b[0m \u001b[1;33m%\u001b[0m \u001b[1;33m(\u001b[0m\u001b[0mlabel_namer\u001b[0m\u001b[1;33m,\u001b[0m \u001b[0mfunc\u001b[0m\u001b[1;33m.\u001b[0m\u001b[0m__name__\u001b[0m\u001b[1;33m)\u001b[0m\u001b[1;33m,\u001b[0m\u001b[1;33m\u001b[0m\u001b[0m\n\u001b[0;32m   1854\u001b[0m                         RuntimeWarning, stacklevel=2)\n\u001b[1;32m-> 1855\u001b[1;33m             \u001b[1;32mreturn\u001b[0m \u001b[0mfunc\u001b[0m\u001b[1;33m(\u001b[0m\u001b[0max\u001b[0m\u001b[1;33m,\u001b[0m \u001b[1;33m*\u001b[0m\u001b[0margs\u001b[0m\u001b[1;33m,\u001b[0m \u001b[1;33m**\u001b[0m\u001b[0mkwargs\u001b[0m\u001b[1;33m)\u001b[0m\u001b[1;33m\u001b[0m\u001b[0m\n\u001b[0m\u001b[0;32m   1856\u001b[0m \u001b[1;33m\u001b[0m\u001b[0m\n\u001b[0;32m   1857\u001b[0m         inner.__doc__ = _add_data_doc(inner.__doc__,\n",
      "\u001b[1;32mD:\\Anaconda3\\lib\\site-packages\\matplotlib\\axes\\_axes.py\u001b[0m in \u001b[0;36mhist\u001b[1;34m(***failed resolving arguments***)\u001b[0m\n\u001b[0;32m   6528\u001b[0m             \u001b[1;31m# this will automatically overwrite bins,\u001b[0m\u001b[1;33m\u001b[0m\u001b[1;33m\u001b[0m\u001b[0m\n\u001b[0;32m   6529\u001b[0m             \u001b[1;31m# so that each histogram uses the same bins\u001b[0m\u001b[1;33m\u001b[0m\u001b[1;33m\u001b[0m\u001b[0m\n\u001b[1;32m-> 6530\u001b[1;33m             \u001b[0mm\u001b[0m\u001b[1;33m,\u001b[0m \u001b[0mbins\u001b[0m \u001b[1;33m=\u001b[0m \u001b[0mnp\u001b[0m\u001b[1;33m.\u001b[0m\u001b[0mhistogram\u001b[0m\u001b[1;33m(\u001b[0m\u001b[0mx\u001b[0m\u001b[1;33m[\u001b[0m\u001b[0mi\u001b[0m\u001b[1;33m]\u001b[0m\u001b[1;33m,\u001b[0m \u001b[0mbins\u001b[0m\u001b[1;33m,\u001b[0m \u001b[0mweights\u001b[0m\u001b[1;33m=\u001b[0m\u001b[0mw\u001b[0m\u001b[1;33m[\u001b[0m\u001b[0mi\u001b[0m\u001b[1;33m]\u001b[0m\u001b[1;33m,\u001b[0m \u001b[1;33m**\u001b[0m\u001b[0mhist_kwargs\u001b[0m\u001b[1;33m)\u001b[0m\u001b[1;33m\u001b[0m\u001b[0m\n\u001b[0m\u001b[0;32m   6531\u001b[0m             \u001b[0mm\u001b[0m \u001b[1;33m=\u001b[0m \u001b[0mm\u001b[0m\u001b[1;33m.\u001b[0m\u001b[0mastype\u001b[0m\u001b[1;33m(\u001b[0m\u001b[0mfloat\u001b[0m\u001b[1;33m)\u001b[0m  \u001b[1;31m# causes problems later if it's an int\u001b[0m\u001b[1;33m\u001b[0m\u001b[0m\n\u001b[0;32m   6532\u001b[0m             \u001b[1;32mif\u001b[0m \u001b[0mmlast\u001b[0m \u001b[1;32mis\u001b[0m \u001b[1;32mNone\u001b[0m\u001b[1;33m:\u001b[0m\u001b[1;33m\u001b[0m\u001b[0m\n",
      "\u001b[1;32mD:\\Anaconda3\\lib\\site-packages\\numpy\\lib\\function_base.py\u001b[0m in \u001b[0;36mhistogram\u001b[1;34m(a, bins, range, normed, weights, density)\u001b[0m\n\u001b[0;32m    665\u001b[0m     \u001b[1;32mif\u001b[0m \u001b[0mfirst_edge\u001b[0m \u001b[1;33m>\u001b[0m \u001b[0mlast_edge\u001b[0m\u001b[1;33m:\u001b[0m\u001b[1;33m\u001b[0m\u001b[0m\n\u001b[0;32m    666\u001b[0m         raise ValueError(\n\u001b[1;32m--> 667\u001b[1;33m             'max must be larger than min in range parameter.')\n\u001b[0m\u001b[0;32m    668\u001b[0m     \u001b[1;32mif\u001b[0m \u001b[1;32mnot\u001b[0m \u001b[0mnp\u001b[0m\u001b[1;33m.\u001b[0m\u001b[0mall\u001b[0m\u001b[1;33m(\u001b[0m\u001b[0mnp\u001b[0m\u001b[1;33m.\u001b[0m\u001b[0misfinite\u001b[0m\u001b[1;33m(\u001b[0m\u001b[1;33m[\u001b[0m\u001b[0mfirst_edge\u001b[0m\u001b[1;33m,\u001b[0m \u001b[0mlast_edge\u001b[0m\u001b[1;33m]\u001b[0m\u001b[1;33m)\u001b[0m\u001b[1;33m)\u001b[0m\u001b[1;33m:\u001b[0m\u001b[1;33m\u001b[0m\u001b[0m\n\u001b[0;32m    669\u001b[0m         raise ValueError(\n",
      "\u001b[1;31mValueError\u001b[0m: max must be larger than min in range parameter."
     ]
    },
    {
     "data": {
